3835854 3 3 0 0 0 2 1250 1280 
3837672 3 3 0 0 0 2 1250 1280 
3839204 3 3 0 1 0 2 1250 1275 
3840532 3 3 0 1 0 2 1250 1275 
3841865 3 3 0 2 0 2 1250 1270 
3843192 3 3 0 2 0 2 1250 1270 
3844545 3 3 1 0 0 2 1250 1275 
3845853 3 3 1 0 0 2 1250 1275 
3847184 3 3 1 1 0 2 1250 1270 
3848513 3 3 1 1 0 2 1250 1270 
3849844 3 3 1 2 0 2 1250 1265 
3851172 3 3 1 2 0 2 1250 1265 
3852508 3 3 2 0 0 2 1250 1270 
3853832 3 3 2 0 0 2 1250 1270 
3855164 3 3 2 1 0 2 1250 1265 
3856493 3 3 2 1 0 2 1250 1265 
3857824 3 3 2 2 0 2 1250 1260 
3859153 3 3 2 2 0 2 1250 1260 
3862035 0 0 3 3 0 2 1250 1280 
3864895 0 1 3 3 0 2 1250 1275 
3867555 0 2 3 3 0 2 1250 1270 
3870216 1 0 3 3 0 2 1250 1275 
3872876 1 1 3 3 0 2 1250 1270 
3875535 1 2 3 3 0 2 1250 1265 
3878195 2 0 3 3 0 2 1250 1270 
3880856 2 1 3 3 0 2 1250 1265 
3883516 2 2 3 3 0 2 1250 1260 
